[gd_scene load_steps=9 format=3 uid="uid://corkd8bmp54ee"]

[ext_resource type="ArrayMesh" uid="uid://difyrpetnjbaa" path="res://Models/pong_box.res" id="1_8w31r"]
[ext_resource type="Script" uid="uid://dm1pstportf6b" path="res://add_volocity_to_ball.gd" id="2_4opyw"]

[sub_resource type="ProceduralSkyMaterial" id="ProceduralSkyMaterial_8w31r"]
sky_top_color = Color(0.245156, 0.450959, 0.725568, 1)
sky_horizon_color = Color(0.829699, 0.588842, 0.699793, 1)
sky_cover_modulate = Color(0.057715, 0.0517363, 0.0357905, 1)
ground_bottom_color = Color(0.0886691, 0.112868, 0.200843, 1)
ground_horizon_color = Color(0.828888, 0.605269, 0.600699, 1)

[sub_resource type="Sky" id="Sky_4opyw"]
sky_material = SubResource("ProceduralSkyMaterial_8w31r")

[sub_resource type="Environment" id="Environment_pkvn5"]
background_mode = 2
sky = SubResource("Sky_4opyw")
tonemap_mode = 2
glow_enabled = true

[sub_resource type="ConcavePolygonShape3D" id="ConcavePolygonShape3D_8w31r"]
data = PackedVector3Array(0.025, 0.025, 0, 0.025, -0.025, 0, -0.025, -0.025, 0, -0.025, -0.025, 0, -0.025, 0.025, 0, 0.025, 0.025, 0, 0.025, 0.025, 0.05, 0.025, 0.025, 0, -0.025, 0.025, 0, -0.025, 0.025, 0, -0.025, 0.025, 0.05, 0.025, 0.025, 0.05, 0.025, -0.025, 0.05, 0.025, -0.025, 0, 0.025, 0.025, 0, 0.025, 0.025, 0, 0.025, 0.025, 0.05, 0.025, -0.025, 0.05, -0.025, 0.025, 0.05, -0.025, 0.025, 0, -0.025, -0.025, 0, -0.025, -0.025, 0, -0.025, -0.025, 0.05, -0.025, 0.025, 0.05, 0.025, -0.025, 0.05, 0.025, 0.025, 0.05, -0.025, 0.025, 0.05, -0.025, 0.025, 0.05, -0.025, -0.025, 0.05, 0.025, -0.025, 0.05)

[sub_resource type="SphereMesh" id="SphereMesh_8w31r"]

[sub_resource type="SphereShape3D" id="SphereShape3D_4opyw"]

[node name="Node3D" type="Node3D"]

[node name="WorldEnvironment" type="WorldEnvironment" parent="."]
environment = SubResource("Environment_pkvn5")

[node name="DirectionalLight3D" type="DirectionalLight3D" parent="."]
transform = Transform3D(0.573062, -0.709719, 0.409756, 2.52415e-08, 0.5, 0.866025, -0.819512, -0.496286, 0.286531, 0, 0, 0)
light_color = Color(0.917647, 0.847059, 1, 1)
shadow_enabled = true

[node name="Camera3D" type="Camera3D" parent="."]
transform = Transform3D(1, 0, 0, 0, 1, 0, 0, 0, 1, 0, 2.5, 5)
current = true
fov = 90.0

[node name="pong_box" type="StaticBody3D" parent="."]
metadata/_edit_group_ = true

[node name="PongBox" type="MeshInstance3D" parent="pong_box"]
transform = Transform3D(100, 0, 0, 0, -4.37114e-06, 100, 0, -100, -4.37114e-06, 0, 0, 0)
mesh = ExtResource("1_8w31r")
skeleton = NodePath("../..")

[node name="CollisionShape3D" type="CollisionShape3D" parent="pong_box"]
transform = Transform3D(100, 0, 0, 0, -4.37114e-06, 100, 0, -100, -4.37114e-06, 0, 0, 0)
shape = SubResource("ConcavePolygonShape3D_8w31r")
debug_fill = false

[node name="Area3D" type="Area3D" parent="pong_box"]
transform = Transform3D(0.999977, 0.00667692, -0.00131968, -0.00668257, 0.999968, -0.00433026, 0.00129073, 0.00433898, 0.99999, 0, 1.6245, 0)

[node name="ball" type="RigidBody3D" parent="."]
transform = Transform3D(0.999977, 0.00667692, -0.00131968, -0.00668257, 0.999968, -0.00433026, 0.00129073, 0.00433898, 0.99999, 0, 1.6245, 0)
gravity_scale = 0.0
contact_monitor = true
max_contacts_reported = 3
script = ExtResource("2_4opyw")

[node name="MeshInstance3D" type="MeshInstance3D" parent="ball"]
mesh = SubResource("SphereMesh_8w31r")

[node name="CollisionShape3D" type="CollisionShape3D" parent="ball"]
shape = SubResource("SphereShape3D_4opyw")

[connection signal="body_shape_entered" from="ball" to="ball" method="_on_body_shape_entered"]
[connection signal="input_event" from="ball" to="ball" method="_on_input_event"]
